--DATA KEDAI

INSERT INTO kedai (ked_id, ked_nama) VALUES
  ('K01', 'Warung Bu Sol'),
  ('K02', 'Kedai Mak Nanun'),
  ('K03', 'Kantin Mungil Informatika'),
  ('K04', 'Ombens IF');

--DATA KARYAWAN

INSERT INTO karyawan (k_nik,k_nama,k_jenis_kelamin,k_email,k_umur,k_no_telp, kedai_ked_id) VALUES
  ('1264683115471700', 'Carol Williams', 'L', 'wcarol@example.org', 29, '082542333815', 'K02'),
  ('4246321716258604', 'Sara Rogers', 'P', 'rsara@example.net', 35, '082658104522', 'K03'),
  ('6057077645410277', 'Anthony Murphy', 'P', 'manthony@example.net', 23, '082564889565', 'K01'),
  ('2508714836124945', 'Janet Kirk', 'P', 'kjanet@example.org', 25, '082601792606', 'K01'),
  ('9298557228857178', 'Jennifer Buchanan', 'L', 'bjennifer@example.org', 40, '082705139266', 'K02'),
  ('9892486148938912', 'Patricia Martinez', 'P', 'mpatricia@example.net', 37, '082495875645', 'K03'),
  ('5612871662187826', 'Liam Miller', 'P', 'millerl@example.org', 41, '086167895070', 'K04'),
  ('7274267390586417', 'Gary Monroe', 'L', 'monroeg@example.net', 28, '082314253748', 'K04');

--TABEL MEMBERSHIP

INSERT INTO MEMBERSHIP (M_ID_MEMBERSHIP,M_NO_TELP,M_ALAMAT,M_TANGGAL_BERGABUNG,M_TANGGAL_KADLUWARSA, CUSTOMER_C_NRP) VALUES
('MEM0000001', '088513864250', 'Surabaya', '09/17/2023', '12/16/2023', '5025244853'),
('MEM0000002', '088638303299', 'Medan', '09/19/2023', '12/18/2023', '5025269510'),
('MEM0000003', '080587796864', 'Makassar', '09/20/2023', '12/19/2023', '5025276816'),
('MEM0000004', '084364742275', 'Semarang', '09/21/2023', '12/20/2023', '5025250319'),
('MEM0000005', '083807759568', 'Tangerang', '09/22/2023', '12/21/2023', '5025276657'),
('MEM0000006', '082815071440', 'Semarang', '09/23/2023', '12/22/2023', '5025241114'),
('MEM0000007', '084446301017', 'Tangerang', '09/27/2023', '12/26/2023', '5025245152'),
('MEM0000008', '080717953121', 'Bandung', '10/02/2023', '12/31/2023', '5025250564'),
('MEM0000009', '089127515810', 'Semarang', '10/04/2023', '01/02/2024', '5025261227'),
('MEM0000010', '084099199975', 'Semarang', '10/07/2023', '01/05/2024', '5025240637'),
('MEM0000011', '080877272910', 'Depok', '10/10/2023', '01/08/2024', '5025255025'),
('MEM0000012', '088292163229', 'Surabaya', '10/14/2023', '01/12/2024', '5025257144'),
('MEM0000013', '080914375831', 'Depok', '10/16/2023', '01/14/2024', '5025260863'),
('MEM0000014', '082144711462', 'Palembang', '10/21/2023', '01/19/2024', '5025270242'),
('MEM0000015', '089845668850', 'Medan', '10/23/2023', '01/21/2024', '5025240184'),
('MEM0000016', '087272060958', 'Depok', '10/27/2023', '01/25/2024', '5025270873'),
('MEM0000017', '085747748099', 'Makassar', '10/30/2023', '01/28/2024', '5025251951'),
('MEM0000018', '087155599201', 'Semarang', '11/03/2023', '02/01/2024', '5025261096'),
('MEM0000019', '086889677597', 'Tangerang', '11/04/2023', '02/02/2024', '5025271418'),
('MEM0000020', '087935783973', 'Batam', '11/07/2023', '02/05/2024', '5025278700'),
('MEM0000021', '081277424199', 'Bandung', '11/09/2023', '02/07/2024', '5025273006'),
('MEM0000022', '085432644348', 'Surabaya', '11/11/2023', '02/09/2024', '5025260505'),
('MEM0000023', '087700836285', 'Palembang', '11/15/2023', '02/13/2024', '5025244442'),
('MEM0000024', '087690065736', 'Makassar', '11/22/2023', '02/20/2024', '5025248167'),
('MEM0000025', '080035375704', 'Palembang', '11/26/2023', '02/24/2024', '5025272956'),
('MEM0000026', '088466985774', 'Tangerang', '11/30/2023', '02/28/2024', '5025246116'),
('MEM0000027', '086053641557', 'Surabaya', '12/02/2023', '03/01/2024', '5025255453'),
('MEM0000028', '082456135918', 'Jakarta', '12/07/2023', '03/06/2024', '5025277845');

--VERSI LAIN BUAT TANGGAL
INSERT INTO MEMBERSHIP (M_ID_MEMBERSHIP,M_NO_TELP,M_ALAMAT,M_TANGGAL_BERGABUNG,M_TANGGAL_KADLUWARSA, CUSTOMER_C_NRP) VALUES
('MEM0000001', '088513864250', 'Surabaya', '17/09/2023', '16/12/2023', '5025244853'),
('MEM0000002', '088638303299', 'Medan', '19/09/2023', '18/12/2023', '5025269510'),
('MEM0000003', '080587796864', 'Makassar', '20/09/2023', '19/12/2023', '5025276816'),
('MEM0000004', '084364742275', 'Semarang', '21/09/2023', '20/12/2023', '5025250319'),
('MEM0000005', '083807759568', 'Tangerang', '22/09/2023', '21/12/2023', '5025276657'),
('MEM0000006', '082815071440', 'Semarang', '23/09/2023', '22/12/2023', '5025241114'),
('MEM0000007', '084446301017', 'Tangerang', '27/09/2023', '26/12/2023', '5025245152'),
('MEM0000008', '080717953121', 'Bandung', '02/10/2023', '31/12/2023', '5025250564'),
('MEM0000009', '089127515810', 'Semarang', '04/10/2023', '02/01/2024', '5025261227'),
('MEM0000010', '084099199975', 'Semarang', '07/10/2023', '05/01/2024', '5025240637'),
('MEM0000011', '080877272910', 'Depok', '10/10/2023', '08/01/2024', '5025255025'),
('MEM0000012', '088292163229', 'Surabaya', '14/10/2023', '12/01/2024', '5025257144'),
('MEM0000013', '080914375831', 'Depok', '16/10/2023', '14/01/2024', '5025260863'),
('MEM0000014', '082144711462', 'Palembang', '21/10/2023', '19/01/2024', '5025270242'),
('MEM0000015', '089845668850', 'Medan', '23/10/2023', '21/01/2024', '5025240184'),
('MEM0000016', '087272060958', 'Depok', '27/10/2023', '25/01/2024', '5025270873'),
('MEM0000017', '085747748099', 'Makassar', '30/10/2023', '28/01/2024', '5025251951'),
('MEM0000018', '087155599201', 'Semarang', '03/11/2023', '01/02/2024', '5025261096'),
('MEM0000019', '086889677597', 'Tangerang', '04/11/2023', '02/02/2024', '5025271418'),
('MEM0000020', '087935783973', 'Batam', '07/11/2023', '05/02/2024', '5025278700'),
('MEM0000021', '081277424199', 'Bandung', '09/11/2023', '07/02/2024', '5025273006'),
('MEM0000022', '085432644348', 'Surabaya', '11/11/2023', '09/02/2024', '5025260505'),
('MEM0000023', '087700836285', 'Palembang', '15/11/2023', '13/02/2024', '5025244442'),
('MEM0000024', '087690065736', 'Makassar', '22/11/2023', '20/02/2024', '5025248167'),
('MEM0000025', '080035375704', 'Palembang', '26/11/2023', '24/02/2024', '5025272956'),
('MEM0000026', '088466985774', 'Tangerang', '30/11/2023', '28/02/2024', '5025246116'),
('MEM0000027', '086053641557', 'Surabaya', '02/12/2023', '01/03/2024', '5025255453'),
('MEM0000028', '082456135918', 'Jakarta', '07/12/2023', '06/03/2024', '5025277845');





-- DATA MEJA

INSERT INTO MEJA (ME_ID, ME_KAPASITAS, ME_STATUS), VALUES 
  ('01', 4, '1'),
  ('02', 2, '1'),
  ('03', 4, '0'),
  ('04', 2, '0'),   -- STATUS 1 ARTINYA TERISI 
  ('05', 4, '1'),   -- STATUS 0 ARTINYA KOSONG
  ('06', 4, '1'),
  ('07', 6, '0'),
  ('08', 2, '1'),
  ('09', 4, '0'),
  ('10', 4, '0');
